Test 2 (@ 1)
partition, 1281,2562,3523,4803,5764,6405,7365,8006,8646,8966,8967,8966,8646,8006,7365,6405,5444,4483,3842,2882,1281,
unstable, 1281,2242,3202,4163,4803,5764,6404,7045,7685,8006,8006,8005,7685,7045,6404,5444,4803,4163,3202,2242,1281,
remove_if, 1281,2562,3843,4483,5443,6404,7045,7366,8005,8325,8326,8006,7686,7365,6405,5764,5124,4483,3523,2882,1281,
semistable_partition, 1281,2882,4163,5444,6405,7365,8646,9606,10247,11207,11528,11528,11528,11208,10568,10247,9607,8966,8326,7365,1281,
stable_partition, 8326,8646,8966,9606,9927,10567,10887,10888,11208,11208,11207,10887,10247,9287,8646,7685,6725,5764,4483,3202,1921,


Test 3( @32)
partition, 1601,4803,7685,10247,12489,14410,16011,17292,18253,18893,18894,18893,17933,16972,15371,13770,11848,9607,7365,4483,1601,
unstable, 1601,2562,3523,4483,5444,6404,7045,7686,8326,8646,8646,8646,8326,8005,7365,6405,5444,4803,3843,2562,1601,
remove_if, 1601,2882,4163,5124,6084,7045,7685,8326,8966,9286,9287,9287,8966,8646,8006,7685,7045,6405,6084,5443,1601,
semistable_partition, 1601,5764,9927,13770,17613,21455,25298,28820,32342,35545,38427,41309,43551,45792,48033,49955,51876,53477,55398,56680,1601,
stable_partition, 14730,15371,15691,16011,16651,16652,16972,16972,16972,16652,16331,15691,14730,13769,12489,10888,9606,8005,6404,4804,3522,

Test 0 (iota test 1)
partition, 0,0,320,320,320,320,321,641,640,641,641,641,960,961,961,961,1281,1281,1281,1281,1281,1601,1601,1601,1601,1602,1921,1921,1921,1922,2241,2241,2241,2242,2242,2562,2562,2562,2562,2562,2882,2882,2882,2882,3202,3202,3202,3202,3202,3203,3522,3522,3523,3523,3842,3842,3843,3843,4162,4163,4163,4163,4163,4483,4483,4483,4483,4484,4803,4803,4803,4804,4804,5123,5123,5124,5124,5443,5444,5444,5444,5444,5764,5764,5764,5764,5764,6084,6084,6084,6084,6085,6404,6404,6404,6405,6724,6725,6725,6725,6725,7045,7045,7045,7045,7365,7365,7365,7365,7365,7685,7685,7685,7685,7686,8005,8005,8006,8006,8325,8326,8326,8326,8326,8646,8646,8646,8646,8646,8966,8966,8966,8966,8967,9286,9286,9286,9287,9287,9606,9607,9607,9607,9927,9927,9927,9927,9927,10247,10247,10247,10247,10247,10567,10567,10567,10568,10568,10887,10888,10888,10888,11207,11208,11208,11208,11528,11528,11528,11528,11528,11528,11848,11848,11848,11848,12168,12168,12168,12169,12169,12488,12489,12489,12489,12489,12809,12809,12809,12809,13129,13129,13129,13129,13129,13449,13449,13449,13450,13769,13769,13769,13770,13770,14089,14090,14090,14090,14410,14410,14410,14410,14410,14410,14730,14730,14730,14730,14731,15050,15050,15051,15051,15370,15371,15371,15371,15371,15691,15691,15691,15691,15691,16011,16011,16011,16011,16331,16331,16331,16332,16332,16651,16652,16652,16652,16652,16972,16972,16972,16972,17292,17292,17292,17292,17293,17612,17612,17612,17613,17932,17932,17932,17932,17933,17933,18252,18253,18253,18253,18573,18573,18573,18573,18573,18893,18893,18893,18893,18894,19213,19213,19213,19214,19533,19533,19534,19534,19853,19534,19854,19854,19854,19854,20174,20174,20174,20174,20174,20494,20494,20494,20494,20814,20815,20814,20815,20815,21134,21135,21135,21135,21455,21454,21455,21455,21455,21455,21775,21775,22095,21775,21776,22095,22095,22095,22415,22415,22416,22416,22416,22416,22736,22736,22736,22736,23056,23056,23056,23056,23056,23376,23376,23376,23377,23377,23377,23697,23697,23697,24016,24017,24017,24017,24017,24337,24337,24337,24657,24337,24657,24657,24657,24657,24658,24977,24978,24978,24978,24978,25297,25298,25298,25298,25617,25618,25618,25618,25618,25938,25938,25938,25938,25938,26258,26258,26258,26259,26578,26578,26578,26579,26898,26898,26899,26899,26899,27219,27219,27219,
unstable, 0,0,0,320,320,320,320,320,320,320,320,320,321,640,640,640,640,640,641,641,641,641,960,960,961,961,961,961,961,961,961,1280,1281,1281,1281,1281,1281,1281,1281,1281,1281,1601,1601,1601,1601,1601,1601,1601,1601,1601,1602,1921,1921,1921,1921,1921,1921,1921,1922,1922,2241,2241,2241,2241,2242,2242,2242,2242,2242,2561,2562,2562,2562,2562,2562,2562,2882,2562,2562,2882,2882,2882,3202,2882,2882,2882,2882,2882,3202,3202,3202,3202,3202,3522,3202,3202,3203,3203,3522,3522,3522,3522,3523,3843,3523,3523,3523,3842,3843,3843,3843,3843,3843,3843,3843,3843,3843,4163,4163,4163,4163,4163,4163,4163,4163,4163,4483,4483,4483,4483,4483,4483,4483,4483,4484,4803,4803,4803,4803,4803,4803,4803,4804,4804,5123,5123,5123,5124,5124,5124,5764,5124,5124,5764,5444,5444,5444,5444,5444,5444,5444,5444,5444,5764,5764,5764,5764,5764,5764,5764,5764,5764,6084,6084,6084,6084,6084,6084,6084,6084,6084,6084,6404,6404,6404,6404,6404,6405,6405,6405,6405,6724,6724,6725,6725,6725,6725,7045,6725,6725,7045,7045,7045,7045,7045,7045,7045,7045,7045,7045,7365,7365,7365,7365,7365,7365,7365,7685,7365,7685,7685,8326,7685,7685,7685,7685,7686,7686,8005,8005,8005,8006,8006,8006,8006,8006,8006,8006,8325,8326,8326,8326,8326,8326,8326,8326,8646,8646,8646,8646,8646,8646,8646,8646,8646,8966,9607,8966,8966,8966,8966,8966,8966,8966,8967,8967,9286,9286,9286,9286,9286,9287,9287,9287,9606,9606,9606,9606,9607,9607,9607,9607,9607,9607,9927,9927,9927,9927,9927,9927,9927,9927,9927,10247,10247,10247,10247,10247,10247,10247,10247,10247,10248,10567,10567,10567,10567,10567,10567,10568,10568,10887,10568,10887,10887,10887,10888,10888,10888,10888,11207,11207,11208,11208,11208,11208,11208,11208,11208,11208,11208,11208,11528,11528,11528,11528,11528,11528,11528,11528,11848,11848,11848,11848,11848,11848,11848,11849,11849,12168,12168,12168,12168,12169,12169,12169,12169,12169,12169,12488,12488,12489,12489,12489,12489,12489,12809,12809,12809,12809,12809,12809,12809,12809,12809,12809,13129,12809,13129,13129,13129,13129,13129,13129,13129,13129,13130,13449,13449,13449,13449,13449,13449,13449,13450,13450,13769,13769,13769,13769,
remove_if, 0,0,0,0,320,320,320,320,320,320,320,320,320,321,321,640,640,640,640,640,640,640,641,640,641,960,960,961,961,961,961,961,961,961,961,961,1280,1281,1281,1281,1281,1281,1281,1281,1281,1281,1601,1601,1601,1601,1601,1601,1601,1601,1601,1601,1602,1921,1921,1921,1921,1921,1921,1921,1921,1922,1922,1922,2241,2241,2242,2241,2242,2242,2242,2242,2242,2242,2561,2561,2562,2562,2562,2562,2562,2562,2562,2562,2562,2882,2882,2882,2882,2882,2882,2882,2882,2882,2882,2882,3202,3202,3202,3202,3202,3202,3202,3202,3203,3203,3522,3522,3522,3522,3522,3522,3523,3522,3523,3523,3523,3842,3842,3843,3843,3843,3843,3843,3843,3843,3843,3843,4163,4163,4163,4163,4163,4163,4163,4163,4163,4483,4483,4483,4483,4483,4483,4483,4483,4483,4483,4483,4484,4803,4803,4803,4803,4803,4803,4803,4804,5123,4804,5123,5123,5123,5123,5124,5124,9927,5124,5124,5124,5443,5444,5444,5444,5444,5444,5444,5444,5444,5444,5444,5444,10888,5764,5764,5764,5764,5764,5764,5764,5764,5764,5764,6084,6084,6084,6084,6084,6084,6084,6085,6084,6404,6404,6404,6404,6404,6404,6404,6405,6405,6405,8006,8326,13129,8326,6725,6725,6725,6725,6725,6725,6725,6725,7045,7045,7045,7045,7045,7045,7045,7045,7045,7045,7045,7365,7365,7365,7365,7365,7365,7365,7365,7365,7685,7685,7685,15050,7685,7685,7685,7686,7686,7686,7686,7686,8006,8005,8006,8006,8006,15691,8006,8006,8006,8006,8326,8326,8326,8326,8326,8326,8326,8326,8326,8326,8646,8646,8646,8646,8646,8646,8646,16972,8646,8646,8646,8966,8966,8966,8966,8966,8966,8967,8966,8966,9286,9286,9286,9286,9286,9286,9286,9287,9287,9287,9606,9287,9287,9606,9606,9607,9607,9607,9607,9607,9607,9607,9607,9607,9927,9927,9927,9927,9927,9927,9927,9927,9927,9927,10247,10247,10247,10247,10248,10247,12809,12809,10247,10247,10567,10567,10567,10567,10567,10567,10567,10567,10568,10568,10568,10887,10887,10888,10888,10887,10888,10888,10888,10888,10888,10888,11208,11208,11208,11208,11208,11208,11208,11208,11208,11208,11208,11208,11528,11528,11528,11528,11528,11528,11528,11528,11528,11848,11848,11848,11848,11848,11848,11848,11848,11848,11849,11849,12168,12168,12168,
semistable_partition, 0,0,320,320,321,640,640,641,961,961,961,1281,1281,1281,1601,1601,1601,1921,1921,1922,2241,2242,2242,2242,2562,2562,2882,2882,2882,2882,3202,3202,3203,3522,3522,3523,3842,3843,3843,4163,4163,4163,4483,4483,4483,4484,4803,4804,4804,5123,5124,5443,5444,5444,5444,5764,5764,5764,6084,6084,6085,6404,6404,6405,6724,6725,6725,7045,7045,7045,7365,7365,7365,7365,7686,7685,7686,8005,8006,8006,8326,8326,8326,8646,8646,8646,8966,8966,8966,9286,9287,9287,9606,9607,9607,9927,9927,9927,10247,10247,10247,10248,10567,10567,10568,10887,10888,10888,11208,11208,11208,11528,11528,11528,11848,11848,11848,12168,12168,12169,12169,12489,12489,12489,12809,12809,13129,13129,13129,13130,13449,13449,13449,13769,13770,13770,14090,14090,14090,14410,14410,14410,14411,14730,14730,14731,15050,15050,15370,15371,15371,15371,15691,15691,15691,15691,16011,16011,16331,16331,16332,16332,16651,16652,16652,16972,16972,17292,17292,17292,17293,17612,17612,17612,17932,17932,17933,18253,18253,18253,18573,18573,18573,18893,18893,18893,19213,19213,19214,19214,19533,19534,19854,19854,19854,20174,20174,20174,20494,20494,20495,20495,20814,20815,21135,21135,21135,21135,21455,21455,21455,21775,21775,22095,22095,22096,22096,22415,22416,22416,22736,22736,22736,23056,23056,23056,23376,23376,23377,23696,23696,23697,24016,24017,24017,24017,24337,24337,24337,24657,24657,24658,24977,24977,24978,25297,25298,25617,25618,25618,25618,25618,25938,25938,25939,26258,26258,26578,26578,26578,26579,26899,26899,26899,26899,27219,27219,27539,27539,27859,27859,27859,27859,28179,28180,28180,28180,28500,28500,28820,28820,28820,29140,29140,29140,29460,29460,29461,29780,29781,29781,29781,30101,30101,30101,30421,30421,30422,30741,30741,30742,31061,31062,31062,31382,31382,31702,31382,31702,31702,31702,32022,32022,32342,32342,32343,32343,32663,32663,32663,32983,32983,32983,33303,33303,33304,33304,33623,33624,33943,33944,33944,34264,34264,34264,34584,34584,34584,34904,34904,34904,34905,35225,35225,35225,35545,35545,35545,35865,35865,35865,36185,36185,36185,36505,36505,36505,36825,36826,36826,37145,37146,37146,37466,37466,37466,37466,37786,37787,38106,38106,38107,38427,38427,38427,38747,38747,38747,38747,39067,39067,39068,39387,39388,39388,39708,39707,39708,39708,40028,40028,40028,40348,40348,40348,40668,40668,40988,40988,40989,
stable_partition, 0,640,641,961,960,961,961,1281,1601,1281,1281,1601,1921,1921,1922,2241,2242,2562,2562,2562,2882,2882,2882,3202,3202,3522,3522,3523,3843,3843,4163,4163,4163,4163,4483,4483,4803,4803,4804,5123,5124,5124,5444,5444,5764,5764,5764,6084,6084,6404,6404,6405,6724,6725,7045,7045,7045,7365,7365,7365,7685,7685,8005,8006,8325,8325,8326,8326,8646,8646,8646,8966,8966,9286,9287,9287,9607,9607,9607,9927,9927,10247,10247,10567,10567,10568,10888,10887,11207,10888,11208,11208,11528,11528,11528,11848,11848,12168,12169,12169,12489,12489,12489,12809,13129,13129,13129,13449,13449,13769,13770,13449,14090,14090,14090,14410,14410,14730,14730,14731,14730,15050,15051,15370,15371,15371,15691,15691,16011,16011,16011,16332,16332,16652,16652,16652,16972,16972,17292,17292,17292,17612,17932,17932,17932,18252,18252,18253,18573,18573,18573,18893,18893,19213,19213,19213,19214,19854,19534,19534,19854,20174,20174,20174,20175,20814,20814,20815,21135,21135,21135,21455,21455,21455,21775,21775,21775,22095,22095,22095,22416,22736,22416,22736,22736,22416,23056,23376,23376,23377,23697,23697,23697,23697,24017,24337,24337,24337,24337,24657,24977,24978,24977,24978,25298,25298,25297,25618,25938,26258,25938,26258,26258,26258,26259,26579,26579,27219,26899,26899,27219,27539,27539,27540,27540,27859,27860,28180,28180,28499,28180,28500,28500,28820,28820,29140,29140,29460,29461,29781,29781,29781,30421,30101,30101,30101,30422,30742,30742,31061,30742,31382,31382,31382,31382,31382,31703,31702,32022,32023,32343,32663,32662,32663,32663,32982,32983,32983,32983,32983,33623,33624,33624,33944,34263,34264,34264,34264,34584,34584,34904,34904,34904,35224,35225,34904,35225,35544,35865,35865,36185,35865,36185,36505,36505,36505,36826,36825,36826,37146,37146,36826,37146,37466,37786,37786,37786,42590,42910,42270,42590,42910,43230,43230,43230,43550,43551,43551,43871,44191,43871,44191,44190,44511,44511,44831,44831,44831,45151,45152,45472,45792,46112,46112,45792,46432,46432,46433,46752,46752,47073,47073,47073,47073,47393,47713,47393,47393,47713,48034,48674,48034,48034,48674,48994,48994,48674,48674,49634,49634,49634,49635,49955,49634,49955,50275,50275,50275,45472,49955,50596,50916,51236,51556,51556,51556,51556,51876,51876,51876,52197,52196,52517,52517,52837,52837,53157,53157,53477,53157,53797,53798,53798,54117,54118,54118,54438,54438,54758,54438,

Test 1 (iota test 32)
partition, 0,321,960,1281,1601,1922,2561,2882,3202,3523,3843,4483,4803,5124,5444,5764,6404,6725,7045,7365,7686,8325,8646,8966,9287,9607,10247,10567,10888,11208,11528,12168,12489,12809,13449,13769,14090,14410,14731,15371,15691,16331,16652,16972,17612,18252,18893,18893,19534,20494,21455,20815,21455,23056,23376,24017,24337,25298,25298,25938,26259,26898,27859,27539,27219,27539,28180,28820,28820,30101,30741,31702,31702,32342,32983,33303,33944,33944,35545,35224,35865,36186,37786,38426,37466,38427,40028,40028,39708,41629,39707,39708,40028,40668,42270,44190,45471,42590,43230,43550,43870,44511,44511,46112,45472,46753,46432,47073,47713,47713,48994,48354,50275,49314,50595,50275,51876,51236,52516,56039,53797,55399,53157,53797,53798,54438,55719,56039,57320,56039,57960,58601,57961,58281,58280,63404,62443,62444,61483,61483,61483,61483,64365,64045,66607,64685,65966,64364,65005,65645,64686,69488,67888,69809,68528,69489,71730,70128,73651,72691,75252,73651,73971,73010,71730,72050,72050,74932,75252,77814,77494,76213,76854,75253,76854,75893,78775,76534,78455,77814,78775,83258,81017,81337,81977,84539,82618,81657,82297,81337,84859,83258,88702,87741,89662,87421,89022,87101,86140,89342,89022,92225,89983,91264,91584,92864,94466,92225,97668,93505,95106,94466,96707,96387,97028,100870,95747,96707,96707,100230,98629,98629,103112,99589,103752,97668,100229,101511,101831,103432,104393,108235,103752,106634,104392,106955,107595,107275,108556,104072,107274,107595,110477,110477,109516,111118,111117,115921,110798,114319,108555,114960,114960,114640,115921,113679,120084,114640,113999,115600,113680,113680,113679,117202,114960,121045,118482,120404,122325,121684,124567,120724,126168,118802,124246,122966,123927,124887,123927,130971,121684,128730,122646,127128,127448,127449,130972,124247,133533,129050,127449,127769,131291,132252,131292,136735,134173,132252,129050,130651,134814,134494,138016,131292,140578,136735,141218,138657,138337,135774,134814,144100,141538,140258,136095,138016,137696,137376,140258,142179,143140,138977,141859,140578,145381,146982,141219,146342,146342,152747,146982,149224,145701,148264,148584,144741,157230,150825,149544,147623,148583,149224,152746,161393,154028,158191,154668,156589,156910,158190,156909,153387,165876,157870,161713,159472,160432,162353,160432,168118,161393,167797,161393,163955,164274,163634,168437,159791,171640,165555,169078,166837,168118,165876,162674,170679,169078,174202,169399,171320,168438,167797,171319,166516,179325,172921,176443,169078,177404,172600,174842,183488,176123,181566,172280,173881,179645,178364,184129,180286,
unstable, 0,320,640,641,961,1281,1281,1601,1921,1921,2242,2562,2562,2882,3202,3522,3523,3843,4163,4163,4483,4803,5123,5123,5444,5764,5764,6084,6085,6725,7045,7045,7365,8005,8326,8006,8006,8326,8966,8966,9286,10247,10248,10247,11208,12809,13449,12489,13449,15371,16331,15691,16011,19533,18573,19213,19533,20174,20494,20815,21135,21775,22416,23056,21134,21455,21775,22415,22735,23056,24978,25618,25938,26258,26898,27219,27859,28179,28500,28820,29141,29461,29781,30101,30421,30742,31062,31702,31702,32342,30101,30741,30742,30742,33623,33944,34584,32343,32663,32983,33303,33624,33944,34584,34264,34905,35224,35545,35865,35865,36825,36506,37466,37146,37786,37787,40669,38747,41309,42270,42269,42910,40348,40348,40669,40989,41949,41949,42270,42270,43230,45792,43550,43870,43870,47713,47393,48034,48034,47072,45792,46112,49955,49955,50275,50275,50915,48033,48354,48994,48994,52837,52837,53478,53157,53478,54118,54118,55398,55078,55719,55719,56359,56359,53157,53797,53798,55079,57960,58921,58601,58601,59241,56039,57000,56679,57640,57320,57960,57961,58281,62763,62444,60202,63083,64044,63404,60522,60843,60842,62444,61803,66286,65966,66607,66606,66927,64365,64044,65325,68207,69488,68848,69489,70128,69489,71090,70769,71730,71409,71730,72050,72370,73331,73010,74292,73011,70450,73652,74612,75252,74932,76533,75893,77174,72370,73011,76854,77174,78455,78134,80055,78775,80055,79415,80056,80376,80056,81977,77173,77815,81657,82618,82297,82937,83898,83258,85180,83899,85499,80376,85179,85820,85180,87421,86460,87421,86781,83258,87421,83899,84219,83899,85820,84859,90303,89662,90303,90944,90303,92545,91584,92865,87741,92864,92865,93185,94146,93825,96067,89663,96067,90623,95746,96067,95747,97988,91904,97988,97347,93185,95107,98309,99589,98949,101511,99909,96067,95106,95747,101511,100871,103112,97028,103432,102792,103753,103112,103432,99590,99269,106954,105033,103112,100230,101191,101191,100550,103111,107274,103112,102472,103432,103112,108876,110157,104073,106314,110156,112078,110477,111437,106635,111117,108235,107275,114320,113039,108236,108236,108556,109836,114640,117522,115601,117521,116241,116881,117201,116561,114319,112399,119763,118162,119763,119123,119443,121045,119764,123285,120724,122966,120724,122005,122325,122005,124887,117202,124887,123286,124567,124246,124567,120724,119123,122326,126168,128410,126168,127128,123607,122965,123926,122325,130331,128730,130011,123926,130010,125207,130330,134173,131291,133534,125528,126488,133213,132252,135774,133853,
remove_if, 0,321,641,1281,1601,1921,2242,2562,3202,3523,3843,4483,4803,5124,5764,6084,6405,6725,7365,7365,7685,8326,8966,8966,9286,10247,10567,10247,10887,11848,12169,12168,12489,13769,14410,14090,13770,15050,15371,15371,16011,17612,17932,17612,18253,19854,20815,21134,21776,24017,24977,25298,26578,29140,28820,29460,30101,31062,31702,32343,32983,33303,33944,34264,33943,34264,34584,35224,35865,36185,39067,39388,40028,40668,40989,41629,41949,42590,43230,43550,44191,46432,49955,50595,47713,49315,51876,47714,49954,48674,48354,50275,50915,50595,52196,55399,57000,53477,53157,54438,51876,52517,54758,55719,57000,56359,57960,55399,59241,58281,60201,60522,60843,61483,58921,60842,63404,63404,64045,68528,66927,66607,65966,66606,67567,65966,65966,68208,67567,68207,69809,70450,70769,68528,70449,73011,77174,74932,76213,74612,73652,74612,76214,78454,77494,78775,78454,78134,79096,77174,80376,81336,84859,81977,82618,84539,83579,86780,86460,86460,91264,86461,86781,87101,84539,88062,87100,88702,91584,90623,92865,91264,91904,91904,92544,91263,93505,93826,91263,94786,95747,96388,97348,96708,97988,100550,99589,99589,99909,98629,101190,99910,102471,105673,103752,104393,105033,105033,101511,105673,106635,109196,111437,108556,110157,115600,110797,112399,111118,113359,111758,114000,114961,113999,114640,114960,114960,111118,115921,116881,117842,117843,118803,123286,121045,118803,119763,121045,121364,122005,124246,124887,123927,123927,124567,127129,125848,127769,127129,126168,122646,129690,130972,130972,130331,130331,133213,131612,132252,132573,129050,135454,134174,136415,135455,135455,138337,143140,135774,139937,136736,133533,134174,134814,136415,140577,148263,141859,144100,143140,143781,144421,144741,141219,145381,146342,146983,148583,149545,148584,145381,149544,148263,150504,150825,153066,153707,149224,153067,155628,149224,153387,155309,155309,156269,156910,157550,155948,154027,154667,159471,159792,160112,156269,161392,162033,162354,163313,165555,158191,162353,164915,165876,164274,160432,164915,161393,162353,164275,169398,164915,167477,164595,165875,171640,172600,166516,167157,173881,174842,175482,175803,173561,176123,170359,170999,178684,179005,172920,175162,175162,176443,181567,183808,182848,182848,183809,185729,185089,187651,184448,183808,188932,187971,187971,188611,189252,189892,190532,193415,191494,192134,191814,193094,192775,195656,194375,187971,195657,196297,196617,197898,197898,195016,192775,196297,200460,201100,201101,201741,198859,199819,198858,196297,206224,204623,204943,200140,209106,201101,207184,210066,210066,209106,205584,204622,210707,211347,211988,212628,
semistable_partition, 0,960,1601,2242,3202,3843,4803,5444,6084,7045,7685,8326,9286,9927,10887,11528,12169,13129,13770,14730,15371,16011,16972,17612,18253,19213,19854,20814,21455,22096,23056,24016,24657,25298,26258,26899,27539,28500,29141,30101,30742,31702,32662,33303,33944,34904,35865,36826,37466,38747,39388,40028,41308,42910,43230,44191,45151,45792,46753,47713,48354,49314,50275,51235,50595,51556,52197,53157,53798,54758,56359,57320,58280,58921,59881,60523,61483,62443,63084,64044,64685,66286,67568,68528,69488,70449,71090,72050,72691,73652,73011,73972,74612,75573,77814,79095,79736,79095,79736,80376,81337,82297,83258,84218,84859,85500,86460,87420,88061,89022,89983,90623,91264,92224,92865,93826,96387,95746,98309,99589,100550,101191,99590,100550,101191,102151,103112,104713,104713,105673,106955,109836,108556,108876,109836,113039,114320,115280,115921,114960,114960,115601,119443,120404,120725,122005,122005,120724,121685,122325,123286,126808,128089,128730,129370,130651,131292,132252,133213,133854,134813,135774,137055,137055,135134,135775,136415,137376,142179,142819,143140,142820,144421,142820,143140,144100,144741,146022,146662,147623,148904,152426,154348,150825,154667,156909,156269,154347,155308,155948,157550,157870,161393,164275,164275,165555,166516,164275,163634,164595,168437,170359,170679,171320,172920,173881,174201,175802,176763,177404,176764,179325,179325,180606,182207,182528,181566,179325,183808,186049,186050,187971,188931,188612,189252,186370,187651,193095,192454,194696,195336,196617,197577,196617,197898,198539,200140,201420,202381,198858,198859,204302,206224,206864,208145,208785,209426,210387,211347,212308,207505,213589,214550,215190,216471,215831,217112,218072,214229,219352,216791,216791,217751,218392,219033,223836,225437,227679,228959,229600,230241,229600,230560,226718,231521,234403,234083,236325,237285,236965,232482,239847,235044,239847,240488,243370,244330,238246,244010,245291,241128,244330,249134,248173,251055,251695,251376,247212,248173,247533,254898,257139,256178,252016,257459,260662,261622,262262,263544,257779,258740,263864,265465,261942,260342,262903,262583,264184,264505,270908,266425,267067,268347,268987,277314,276033,271550,272189,278594,280835,280836,281797,277313,282437,279235,277634,285959,288521,281797,282757,283718,284038,290763,293644,294605,293325,296206,295566,298128,299089,293645,294285,301970,302931,301650,304532,303251,303892,305172,307094,308695,309656,308054,309335,309336,313178,311578,306773,315740,317020,314780,318302,318942,312537,312538,314139,321825,323105,323746,325027,319583,320543,319903,319583,329830,330151,328869,324066,333672,325667,332392,333673,334953,336875,330470,330471,337836,338796,341038,340717,
stable_partition, 0,1601,2562,3523,4803,6084,7365,8326,9606,10567,11848,12809,14090,15051,16331,17292,18893,19854,20815,22095,23376,24337,25938,27859,28500,29781,31382,32983,33944,35545,37466,38747,40988,41309,44190,43871,45792,48034,49635,50275,52837,56039,56359,60202,59562,62444,63084,65646,66606,68848,68528,71730,75572,76533,97669,102471,103112,105033,105994,107274,108556,109516,113039,113679,119764,118803,120404,122966,125848,127128,130651,131612,133533,137696,139297,141859,143460,146342,146662,146342,166196,168118,173881,173241,176123,178364,180926,182848,183809,186049,181567,185089,186370,186690,192774,198538,208465,196297,196617,198538,202701,202701,204622,207505,209105,213589,211348,214229,217111,218713,221595,220634,223516,226718,228639,229600,235364,234083,241448,247212,244650,246892,242730,246252,247212,248173,250414,254898,268987,255218,260021,267386,264184,266106,264504,275072,278594,283077,281796,277633,277633,279555,290762,290122,292364,293645,295886,289802,293004,293965,295246,307414,306454,313499,316380,319263,320223,319582,322785,326307,343919,329830,330471,333352,328549,329189,328869,331431,343920,349684,345521,342959,347442,345201,345201,344240,347122,349684,354807,355448,356408,367296,370498,363774,371459,377223,372740,369857,371779,372420,376902,374981,406363,391953,393234,394195,397718,391633,387150,391633,403161,412127,406364,411166,414048,415970,417251,415330,419813,423655,425256,427178,427818,429420,433902,437425,430060,425897,436144,446391,445110,443829,448953,448953,473930,443189,443829,457919,458880,464004,462402,467205,467205,473610,470087,472969,476813,478733,480975,470088,471368,486419,490262,490262,491543,495385,497306,501150,496666,499548,491223,509795,507874,506914,510115,512037,538295,515560,503071,517801,516200,512357,510436,512997,516200,537014,535733,537654,540857,544379,549183,544699,547261,535093,551104,555267,554627,559110,561031,567755,547262,566155,554626,571278,569997,573199,578323,561351,605542,579924,567436,578003,591132,589211,588250,592733,596255,590812,581205,583447,602339,608744,609705,590172,609065,612587,620913,619952,618031,603301,608424,630200,626356,615469,610986,619631,620273,619952,620593,640446,659019,627318,629559,629559,652935,653896,635643,638205,658699,670868,661901,666384,654537,668306,656137,651013,677272,679193,664463,664143,662862,664784,689441,697126,688160,688480,696165,702890,703210,698087,689120,691362,742918,712177,709294,711536,715699,722423,717621,720822,723064,736833,724665,729468,725626,736513,738755,714738,738115,743238,747080,746120,748362,735873,730750,741317,751884,758609,760851,764693,748362,746761,745800,748042,807603,768535,770457,753485,780064,763412,774620,781345,785828,800878,771738,767895,791912,795755,803120,798637,
